0,-10,0 90,0,0 figure0.png
10,0,0 90,0,90 figure1.png
-10,0,0 90,0,-90 figure2.png
0,10,0 90,0,180 figure3.png
-7.0711,7.0711,0 90,0,225 figure4.png
-7.0711,-7.0711,0 90,0,-45 figure5.png
7.0711,7.0711,0 90,0,135 figure6.png
7.0711,-7.0711,0 90,0,45 figure7.png
-7.0711,0,7.0711 45,0,-90 figure8.png
7.0711,0,-7.0711 135,0,90 figure9.png
-7.0711,0,-7.0711 45,0,90 figure10.png
7.0711,0,7.0711 135,0,-90 figure11.png
0,7.0711,7.0711 45,0,180 figure12.png
0,-7.0711,-7.0711 135,0,0 figure13.png
0,7.0711,-7.0711 135,0,180 figure14.png
0,-7.0711,7.0711 45,0,0 figure15.png